0.260803
0
0
0.0606079
-0.201447
0
0.0750122
-0.484955
0
0.715363
0.10965
0.551666
0
0.447449
0.157318
0
0.874054
0.322205
-0.781677
0.145752
-0.15033
0.189819
0.796753
0
0.0670166
0.95108
0.400665
0.181152
0.938171
-0.809143
-0.238037
-0.249298
-0.319763
0.631866
-0.575897
-0.364075
-0.2117
-0.275726
0.663574
-0.786835
0.996307
-0.136536
0.833923
-0.0398254
0.827515
-0.994293
-0.379272
0
0.0467834
0.911987
0.0597534
0.0145874
0.521454
-0.654694
-0.741547
0
-0.256836
0.808472
-0.511017
0
-0.482361
0
0
0
0
0
0.275909
-0.797302
-0.611023
0.246918
-0.846069
0.800385
0.343781
-0.681671
0
-0.905121
-0.0670471
0.766388
0.714539
-0.79538
0.293213
0.742462
0.704895
0.536438
0.17453
-0.571594
-0.142487
0.569153
-0.946014
-0.745575
